 4 4 4 4 4 4 1 2 4 4 4 4 4 4 4 4 4 4 4 4 4 4 4 4 4 4 1 2 4 4 4 4 4 4 4 4 4 4 4 4 4 4 4 4 4 4 1 2 4 4 4 4 4 4 4 4 4 4 4 4
 1 10 10 2 4 4 7 8 4 4 4 4 4 4 4 4 4 4 4 4 1 10 10 2 4 4 7 8 4 4 4 4 4 4 4 4 4 4 4 4 1 10 10 2 4 4 7 8 4 4 4 4 4 4 4 4 4 4 4 4
 7 9 9 8 4 4 7 8 4 1 10 2 4 4 4 4 3 10 2 4 7 9 9 8 4 4 7 8 4 1 10 2 4 4 4 4 3 10 2 4 7 9 9 8 4 4 7 8 4 1 10 2 4 4 4 4 3 10 2 4
 7 9 9 8 4 4 7 8 4 3 4 4 4 4 4 1 8 8 3 4 7 9 9 8 4 4 7 8 4 3 4 4 4 4 4 1 8 8 3 4 7 9 9 8 4 4 7 8 4 3 4 4 4 4 4 1 8 8 3 4
 7 9 9 8 10 10 7 8 4 7 2 4 4 4 4 7 1 2 3 4 7 9 9 8 10 10 7 8 4 7 2 4 4 4 4 7 1 2 3 4 7 9 9 8 10 10 7 8 4 7 2 4 4 4 4 7 1 2 3 4
 7 9 9 8 9 9 7 8 4 7 9 3 4 4 4 1 2 3 3 4 7 9 9 8 9 9 7 8 4 7 9 3 4 4 4 1 2 3 3 4 7 9 9 8 9 9 7 8 4 7 9 3 4 4 4 1 2 3 3 4
 7 9 9 8 9 9 7 8 4 7 9 8 4 4 4 3 3 3 3 4 7 9 9 8 9 9 7 8 4 7 9 8 4 4 4 3 3 3 3 4 7 9 9 8 9 9 7 8 4 7 9 8 4 4 4 3 3 3 3 4
 7 9 9 8 9 9 7 8 4 7 9 8 4 4 4 3 3 3 3 4 7 9 9 8 9 9 7 8 4 7 9 8 4 4 4 3 3 3 3 4 7 9 9 8 9 9 7 8 4 7 9 8 4 4 4 3 3 3 3 4
 7 9 9 8 9 9 7 8 4 7 9 8 4 4 1 10 10 2 3 4 7 9 9 8 9 9 7 8 4 7 9 8 4 4 1 10 10 2 3 4 7 9 9 8 9 9 7 8 4 7 9 8 4 4 1 10 10 2 3 4
 7 9 9 8 9 9 7 8 4 7 9 8 4 4 7 9 9 8 3 4 7 9 9 8 9 9 7 8 4 7 9 8 4 4 7 9 9 8 3 4 7 9 9 8 9 9 7 8 4 7 9 8 4 4 7 9 9 8 3 4
 7 9 9 8 9 9 7 8 4 7 9 8 4 4 7 9 9 8 3 4 7 9 9 8 9 9 7 8 4 7 9 8 4 4 7 9 9 8 3 4 7 9 9 8 9 9 7 8 4 7 9 8 4 4 7 9 9 8 3 4
 7 9 9 8 9 9 7 8 4 7 9 8 4 4 7 9 9 8 3 4 7 9 9 8 9 9 7 8 4 7 9 8 4 4 7 9 9 8 3 4 7 9 9 8 9 9 7 8 4 7 9 8 4 4 7 9 9 8 3 4
 7 9 9 8 9 9 7 8 4 7 9 8 4 4 7 9 9 8 3 4 7 9 9 8 9 9 7 8 4 7 9 8 4 4 7 9 9 8 3 4 7 9 9 8 9 9 7 8 4 7 9 8 4 4 7 9 9 8 3 4
 4 4 4 4 4 4 4 4 4 4 4 4 4 4 4 4 4 4 4 4 4 4 4 4 4 4 4 4 4 4 4 4 4 4 4 4 4 4 4 4 4 4 4 4 4 4 4 4 4 4 4 4 4 4 4 4 4 4 4 4
 4 4 4 4 4 4 4 4 4 4 4 4 4 4 4 4 4 4 4 4 4 4 4 4 4 4 4 4 4 4 4 4 4 4 4 4 4 4 4 4 4 4 4 4 4 4 4 4 4 4 4 4 4 4 4 4 4 4 4 4
 0 0 0 0 0 0 0 0 0 0 0 0 0 0 0 0 0 0 0 0 0 0 0 0 0 0 0 0 0 0 0 0 0 0 0 0 0 0 0 0 0 0 0 0 0 0 0 0 0 0 0 0 0 0 0 0 0 0 0 0
 0 0 0 0 0 0 0 0 0 0 0 0 0 0 0 0 0 0 0 0 0 0 0 0 0 0 0 0 0 0 0 0 0 0 0 0 0 0 0 0 0 0 0 0 0 0 0 0 0 0 0 0 0 0 0 0 0 0 0 0
 0 0 0 0 0 0 0 0 0 0 0 0 0 0 0 0 0 0 0 0 0 0 0 0 0 0 0 0 0 0 0 0 0 0 0 0 0 0 0 0 0 0 0 0 0 0 0 0 0 0 0 0 0 0 0 0 0 0 0 0
 0 0 0 0 0 0 0 0 0 0 0 0 0 0 0 0 0 0 0 0 0 0 0 0 0 0 0 0 0 0 0 0 0 0 0 0 0 0 0 0 0 0 0 0 0 0 0 0 0 0 0 0 0 0 0 0 0 0 0 0
 0 0 0 0 0 0 0 0 0 0 0 0 0 0 0 0 0 0 0 0 0 0 0 0 0 0 0 0 0 0 0 0 0 0 0 0 0 0 0 0 0 0 0 0 0 0 0 0 0 0 0 0 0 0 0 0 0 0 0 0
 0 0 0 0 0 0 0 0 0 0 0 0 0 0 0 0 0 0 0 0 0 0 0 0 0 0 0 0 0 0 0 0 0 0 0 0 0 0 0 0 0 0 0 0 0 0 0 0 0 0 0 0 0 0 0 0 0 0 0 0
 0 0 0 0 0 0 0 0 0 0 0 0 0 0 0 0 0 0 0 0 0 0 0 0 0 0 0 0 0 0 0 0 0 0 0 0 0 0 0 0 0 0 0 0 0 0 0 0 0 0 0 0 0 0 0 0 0 0 0 0
 0 0 0 0 0 0 0 0 0 0 0 0 0 0 0 0 0 0 0 0 0 0 0 0 0 0 0 0 0 0 0 0 0 0 0 0 0 0 0 0 0 0 0 0 0 0 0 0 0 0 0 0 0 0 0 0 0 0 0 0
 0 0 0 0 0 0 0 0 0 0 0 0 0 0 0 0 0 0 0 0 0 0 0 0 0 0 0 0 0 0 0 0 0 0 0 0 0 0 0 0 0 0 0 0 0 0 0 0 0 0 0 0 0 0 0 0 0 0 0 0
 0 0 0 0 0 0 0 0 0 0 0 0 0 0 0 0 3 0 0 0 0 0 0 0 0 0 0 0 0 0 0 0 0 0 0 0 3 0 0 0 0 0 0 0 0 0 0 0 0 0 0 0 0 0 0 0 3 0 0 0
 0 0 0 0 0 0 0 0 0 0 0 0 0 0 0 0 0 0 0 0 0 0 0 0 0 0 0 0 0 0 0 0 0 0 0 0 0 0 0 0 0 0 0 0 0 0 0 0 0 0 0 0 0 0 0 0 0 0 0 0
 0 0 0 0 0 0 0 0 0 0 0 0 0 0 0 0 0 0 0 0 0 0 0 0 0 0 0 0 0 0 0 0 0 0 0 0 0 0 0 0 0 0 0 0 0 0 0 0 0 0 0 0 0 0 0 0 0 0 0 0
 6 6 6 6 6 6 6 6 6 6 6 6 6 6 6 6 6 6 6 6 6 6 6 6 6 6 6 6 6 6 6 6 6 6 6 6 6 6 6 6 6 6 6 6 6 6 6 6 6 6 6 6 6 6 6 6 6 6 6 6
 5 5 5 5 5 5 5 5 5 5 5 5 5 5 5 5 5 5 5 5 5 5 5 5 5 5 5 5 5 5 5 5 5 5 5 5 5 5 5 5 5 5 5 5 5 5 5 5 5 5 5 5 5 5 5 5 5 5 5 5
 5 5 5 5 5 5 5 5 5 5 5 5 5 5 5 5 5 5 5 5 5 5 5 5 5 5 5 5 5 5 5 5 5 5 5 5 5 5 5 5 5 5 5 5 5 5 5 5 5 5 5 5 5 5 5 5 5 5 5 5
